Instance parameters
T=11 J=10

          t         0|        1|        2|        3|        4|        5|        6|        7|        8|        9|       10||    J_SUM|
            -------------------------------------------------------------------------------------------------------------------------
      d(0,t)        0|        0|       42|        0|        0|        0|      126|      168|        0|        0|      126||      462|
      d(1,t)        0|        0|        0|      136|        0|        0|       81|        0|      191|        0|       54||      462|
      d(2,t)        0|      123|        0|        0|      185|       61|        0|      278|        0|      278|        0||      925|
      d(3,t)        0|      132|      397|        0|        0|        0|      220|        0|      176|        0|        0||      925|
      d(4,t)        0|        0|        0|      463|        0|        0|        0|      462|        0|        0|        0||      925|
      d(5,t)        0|        0|       32|       86|       10|       76|       10|       54|       54|       97|       43||      462|
      d(6,t)        0|      195|        0|        0|        0|        0|        0|       48|        0|      219|        0||      462|
      d(7,t)        0|       73|        8|       73|        0|       65|       41|       40|       32|       65|       65||      462|
      d(8,t)        0|        0|        0|      195|        0|        0|      243|        0|      146|        0|      341||      925|
      d(9,t)        0|        0|        0|        0|      330|        0|        0|        0|        0|        0|      132||      462|
            -------------------------------------------------------------------------------------------------------------------------
  PERIOD_SUM        0|      523|      479|      953|      525|      202|      721|     1050|      599|      659|      761||     6472|
        C_t      3600|     3600|     3600|     3600|     3600|     3600|     3600|     3600|     3600|     3600|     3600||    39600|

      st_i,j        0|        1|        2|        3|        4|        5|        6|        7|        8|        9|
            ----------------------------------------------------------------------------------------------------
           0        0|        0|        0|        0|        0|        0|        0|        0|        0|        0|
           1        0|        0|        0|        0|        0|        0|        0|        0|        0|        0|
           2        0|        0|        0|        0|        0|        0|        0|        0|        0|        0|
           3        0|        0|        0|        0|        0|        0|        0|        0|        0|        0|
           4        0|        0|        0|        0|        0|        0|        0|        0|        0|        0|
           5        0|        0|        0|        0|        0|        0|        0|        0|        0|        0|
           6        0|        0|        0|        0|        0|        0|        0|        0|        0|        0|
           7        0|        0|        0|        0|        0|        0|        0|        0|        0|        0|
           8        0|        0|        0|        0|        0|        0|        0|        0|        0|        0|
           9        0|        0|        0|        0|        0|        0|        0|        0|        0|        0|

      sc_i,j        0|        1|        2|        3|        4|        5|        6|        7|        8|        9|
            ----------------------------------------------------------------------------------------------------
           0        0|      300|      600|      400|      500|      500|      300|      600|      800|      300|
           1      300|        0|      800|      300|      500|      400|      400|      600|      700|      400|
           2      600|      800|        0|      700|      500|      600|      700|      400|      400|      500|
           3      400|      300|      700|        0|      600|      600|      300|      600|      400|      600|
           4      500|      500|      500|      600|        0|      500|      300|      300|      400|      300|
           5      500|      400|      600|      600|      500|        0|      600|      400|      500|      300|
           6      300|      400|      700|      300|      300|      600|        0|      500|      500|      400|
           7      600|      600|      400|      600|      300|      400|      500|        0|      200|      600|
           8      800|      700|      400|      400|      400|      500|      500|      200|        0|      700|
           9      300|      400|      500|      600|      300|      300|      400|      600|      700|        0|

           j        0|        1|        2|        3|        4|        5|        6|        7|        8|        9|
       bc[j]   100000|   100000|   100000|   100000|   100000|   100000|   100000|   100000|   100000|   100000|
       hc[j]       10|       10|       10|       10|       10|       10|       10|       10|       10|       10|
       pt[j]        5|        5|        5|        5|        5|        5|        5|        5|        5|        5|
